Mode number      Frequency [cm^(-1)]   Zero point energy [eV]   IR-intensity [D^2/A^2*amu]     Raman-intensity [Ang^4/amu]
          1              -0.06447939              -0.00000400             727.69191454               0.00000000
          2              -0.06205273              -0.00000385             727.69650126               0.00000000
          3              -0.00323166              -0.00000020             727.67269415               0.00000000
          4              99.11294341               0.00614422               0.49006410               0.00000000
          5              99.22860762               0.00615139               0.75118340               0.00000000
          6             253.12461113               0.01569173               0.00000000             410.20805972
          7             253.13058016               0.01569210               0.00000000             411.57258679
          8             322.68095264               0.02000367               0.00000000           11153.56804845
          9             330.08406785               0.02046260               1.45682441               0.00000192
